  0                        0                        0                        0                      0.111776
  0                        1                        0                        0                      0.061892
  0                        1                        0                        1                      0.074418
  0.10000000000000000555   0.10000000000000000555   0.10000000000000000555   0.5                    0.065096
  1                        1                        1                        0.5                    0.148571
  0.10000000000000000555   1                        0                        0                      0.094202
  0.2000000000000000111    1                        0                        0.10000000000000000555 0.060758
  0.5                      1                        0                        0.4000000000000000222  0.150202
  0.10000000000000000555   1                        0                        0.10000000000000000555 0.107096
  0                        1                        0                        0.10000000000000000555 0.062277
  0.10000000000000000555   1                        0.10000000000000000555   0.10000000000000000555 0.059268
  0                        1                        0.4000000000000000222    0.10000000000000000555 0.076945
  0                        0.9000000000000000222    0.2000000000000000111    0                      0.063911
  0                        1                        0.10000000000000000555   0                      0.104795
  0                        0.9000000000000000222    0.10000000000000000555   0.2999999999999999889  0.064153
  0.2000000000000000111    1                        0.2999999999999999889    0.10000000000000000555 0.064519
  0.4000000000000000222    1                        0                        0.10000000000000999756 0.108492
  0.40000000000005997425   1                        0.30000000000006998846   0.30000000000010001999 0.157714
  0.2000000000000000111    1                        0                        0.2000000000000000111  0.061391
  0.2999999999999999889    1                        0.10000000000000000555   0.10000000000000000555 0.159177
  0.10000000000000000555   0.94999999999999995559   0.10000000000000000555   0.10000000000000000555 0.078921
  0.10000000000000000555   1                        0.10000000000000000555   0.2000000000000000111  0.104339
  0.10000000000000000555   0.99399999999999999467   0                        0.10000000000000000555 0.1011
  0.2999999999999999889    1                        0                        0.2000000000000000111  0.05684
  0.4000000000000000222    1                        0                        0.2999999999999999889  0.071629
  0.9000000000000000222    1                        0                        0.5                    0.123387
  0.5                      0.9000000000000000222    0.10000000000000000555   0.4000000000000000222  0.150005
  0.5                      1                        0                        0.2999999999999999889  0.130602
  0.4000000000000000222    0.94999999999999995559   0                        0.2999999999999999889  0.07909
  0.4000000000000000222    1                        0.10000000000000000555   0.2000000000000000111  0.065582
  0.2000000000000000111    0.9829999999999999849    0                        0.2000000000000000111  0.123854
  0.10000000000000000555   0.94999999999999995559   0.11300000000000000322   0.07499999999999999722 0.113418
  0.2999999999999999889    1                        0.00800000000000000017   0.20300000000000001377 0.146269
  0.2999999999999999889    1                        0                        0.25                   0.059106
  0.2999999999999999889    0.99899999999999999911   0.02699999999999999969   0.14999999999999999445 0.056745
  0.2999999999999999889    0.99599999999999999645   0.12700000000000000178   0.05000000000000000278 0.058348
  0.2999999999999999889    0.94999999999999995559   0.12700000000009001311   0.3499999999999999778  0.147322
  0.5                      0.99799999999999999822   0                        0.25                   0.061365
  0.2000000000000000111    0.99899999999999999911   0.02699999999999999969   0.14999999999999999445 0.112734
  0.2999999999999999889    0.99199999999999999289   0.12700000000000000178   0.14999999999999999445 0.058897
  0.2999999999999999889    1                        0                        0.14999999999999999445 0.149883
  0.2999999999999999889    0.9749999999999999778    0.02699999999999999969   0.05000000000000000278 0.150652
  0.2000000000000000111    1                        0.02699999999999999969   0.14999999999999999445 0.062366
  0.2999999999999999889    1                        0.02699999999999999969   0.14999999999999999445 0.147944
  0.2999999999999999889    0.99899999999999999911   0.12700000000000000178   0.05000000000000000278 0.05877
  0.50000000000007005507   0.99899999999999999911   0.32700000000000001288   0.05000000000000000278 0.066733
  0.5                      0.99899999999999999911   0.02699999999999999969   0.14999999999999999445 0.127813
  0.2000000000000000111    0.99899999999999999911   0.12700000000000000178   0.14999999999999999445 0.077313
  0.2999999999999999889    0.99899999999999999911   0.22700000000000000733   0.14999999999999999445 0.055831
  0.2999999999999999889    0.99899999999999999911   0.82699999999999995737   0.14999999999999999445 0.08415
  0.5                      0.89900000000000002132   0.82700000000009998846   0                      0.062618
  0.5                      0.99899999999999999911   0.12700000000000000178   0.14999999999999999445 0.057525
  0.4000000000000000222    0.99899999999999999911   0.32700000000000001288   0.05000000000000000278 0.05955
  0.2000000000000000111    0.99899999999999999911   0.22700000000000000733   0                      0.104624
  0.2999999999999999889    1                        0.22700000000000000733   0.14999999999999999445 0.058449
  0.2999999999999999889    0.99899999999999999911   0.72699999999999997957   0.14999999999999999445 0.102921
  0.40000000000009999779   0.97799999999999998046   0.32700000000004997291   0.35000000000008002488 0.05775
  0.32700000000000001288   0.9579999999999999627    0.02699999999999999623   0.0499999999999999889  0.123845
  0.52700000000000002398   0.8579999999999999849    0.02699999999999999969   0.25                   0.147534
  0.32700000000000001288   1                        0.02699999999999999969   0                      0.130838
  0.32700000000000001288   0.9579999999999999627    0.02699999999999999969   0.25                   0.141624
  0.42699999999999999067   0.8579999999999999849    0                        0.14999999999999999445 0.094432
  0.72699999999999997957   0.55800000000000005151   0                        0.4500000000000000111  0.149046
  0.72699999999999997957   0.55799999999990002042   1                        0.05000000000000000278 0.060561
  1                        0                        1                        0                      0.055143
  0.5                      0.5                      1                        0.10000000000000000555 0.075916
  0.5                      0.9000000000000000222   -0                        0.10000000000000000555 0.133971
  1                        1                        1                        0                      0.054481
  1                        0.5                      1                        0                      0.058424
  0                        0                        1                        0                      0.078185
  1                        0.5999999999999999778    1                        0                      0.097033
  1                        1                        0                        0.2999999999999999889  0.054231
  1                        1                        0                        1                      0.053992
  1                        0.5                      1                        0.5                    0.072274
  0.69999999999999995559   0.9000000000000000222   -0                        0.2000000000000000111  0.057403
  1                        0                        0                        1                      0.065728
  1                        1                        0                        0.69999999999999995559 0.161486
  0.80000000000000004441   1                        1                        0.10000000000000000555 0.069704
  0.80000000000000004441   1                        0                        1                      0.056055
  1                        0                        1                        1                      0.15414
  1                        1                        0                        0                      0.056705
  0.5                      0.69999999999999995559   0                        1                      0.054373
  1                        0.4000000000000000222    0                        1                      0.05561
  0.69999999999991002753   0.99999999999981004084   1                        1                      0.057637
  0.9000000000000000222    0.5                      1                        0.2999999999999999889  0.058484
  0.9000000000000000222    1                        1                        1                      0.144121
  1                        0.9000000000000000222    0                        1                      0.05379
  1                        0.5999999999999999778    0                        1                      0.068905
  0.80000000000000004441   0.80000000000000004441   0                        1                      0.05576
  0.9000000000000000222    1                        1                        0.4000000000000000222  0.125758
  1                        0.80000000000000004441   0                        1                      0.057277
  1                        0                        0                        0.69999999999999995559 0.056244
  0.80000000000000004441   0.5999999999999999778    0                        1                      0.161481
  1                        1                        1                        1                      0.053684
  1                        1                        1                        0.69999999999999995559 0.053638
  1                        1                        1                        0.9000000000000000222  0.057853
  0.9000000000000000222    1                        1                        0                      0.124539
  0.80000000000000004441   1                        1                        1                      0.061859
  0.80000000000000004441   0.2000000000000000111    1                        0.2000000000000000111  0.053357
  0.2000000000000000111    0                        1                        0                      0.062933
  0.9000000000000000222    0.5999999999999999778    1                        0.5                    0.100303
  1                        0.9000000000000000222   -0                        0.9000000000000000222  0.166544
  0.9000000000000000222    0                        1                        0                      0.061868
  0.2999999999999999889    0.10000000000000000555   1                        0                      0.060162
  0.9000000000000000222    0                        0                        0.5                    0.059933
  0.69999999999999995559   0.9000000000000000222    1                        1                      0.128873
  0.5999999999999999778    0                        0                        0                      0.067761
  0.69999999999999995559   0.4000000000000000222    1                        0                      0.064362
  0.80000000000000004441   1                        1                        0                      0.057273
  0.9000000000000000222    0                        0                        0.80000000000000004441 0.153245
  0.80000000000000004441   0.2000000000000000111    1                        0                      0.1117
  1                        0.9000000000000000222    0.38000000000000000444   0.9000000000000000222  0.058948
  0.69999999999999995559   0                        0.88000000000000000444   0                      0.132798
  0.80000000000000004441   0.69999999999999995559   0.85999999999999998668   0                      0.057259
  0.80000000000000004441   0.2999999999999999889    1                        0.10000000000000000555 0.074294
  0.80000000000000004441   0.10000000000000000555   0.5                      0.2999999999999999889  0.063144
  0.8999999999999900302    0                        1                        0.5999999999999999778  0.054525
  0.69999999999999995559   0.5999999999999999778    1                        0.4000000000000000222  0.053669
  0.75                     0.5                      1                        0.2000000000000000111  0.06028
  0.93799999999999994493   0.80000000000000004441   0.5                      0.80000000000000004441 0.054304
  0.80000000000000004441   0                        1                        0.2000000000000000111  0.058698
  0.8499999999999999778    0.2000000000000000111    1                        0.2000000000000000111  0.060951
  0.80000000000000004441   0.2000000000000000111    1                        0.4000000000000000222  0.063563
  0.80000000000000004441   0.2000000000000000111    0.98999999999999999112   0                      0.070664
  0.75                     0.2000000000000000111    1                        0.10000000000000000555 0.060135
  0.86899999999999000266   0.10000000000000000555   0.89000000000000001332   1                      0.056337
  0.85199999999999997957   0.2999999999999999889    0.88000000000000000444   0.80000000000000004441 0.056855
  0.79100000000000003642   0.2000000000000000111    0.9000000000000000222    0.2000000000000000111  0.152028
  0.80600000000000004974   0.2000000000000000111    0.95999999999999996447   0.2999999999999999889  0.056695
  0.81999999999999995115   0.2000000000000000111    0.96999999999999997335   0.2000000000000000111  0.055605
  0.79900000000000004352   0.10000000000000000555   0.98999999999999999112   0.2000000000000000111  0.054849
  0.8090000000000000524    0.2000000000000000111    1                        0.2000000000000000111  0.056234
  0.82000000000009998224   0.29399999999999998357   0.95989999999999997549   0.30000000000008997247 0.059161
  0.80800000000000005151   0.14999999999999999445   1                        0.10000000000000000555 0.056341
  0.80800000000000005151   0.163000000000000006     1                        0.14999999999999999445 0.16131
  0.80600000000000004974   0.2000000000000000111    0.97999999999999998224   0.2999999999999999889  0.063803
  0.80800000000000005151   0.163000000000000006     0.99499999999999999556   0.14999999999999999445 0.062001
  0.79600000000000004086   0.2039999999999999869    0.96789999999999998259   0.14999999999999999445 0.058891
  0.80600000000000004974   0.20599999999999998868   0.94999999999999995559   0.22000000000000000111 0.058675
  0.8010000000000000453    0.25                     1                        0.19700000000000000844 0.053717
  0.79000000000000003553   0.20899999999999999134   0.98380000000000000782   0.23200000000000001177 0.059995
  0.79300000000000003819   0.14399999999999998912   1                        0.182999999999999996   0.074733
  0.80000000000000004441   0.5                      1                        0.2000000000000000111  0.168211
  0.9000000000000000222    0.80000000000000004441   0.5                      0.80000000000000004441 0.143587
  0.69999999999999995559   0.2000000000000000111    1                        0.2000000000000000111  0.061794
  0.80000000000000004441   0.2000000000000000111    1                        0.2999999999999999889  0.152536
  0.80000000000000004441   0.10000000000000000555   1                        0.2000000000000000111  0.063975
  0.80000000000000004441   0.2999999999999999889    0.9000000000000000222    0.2000000000000000111  0.144056
  0.9000000000000000222    0.2000000000000000111    1                        0.2000000000000000111  0.062184
  0.69999999999991002753   0.30000000000004001244   0.9000000000000000222    0                      0.059905
  0.80200000000000004619   0.4249999999999999889    1                        0.5                    0.058716
  0.80000000000000004441   0.18099999999999999423   1                        0.2999999999999999889  0.162976
  0.75                     0.24099999999999999201   1                        0.2000000000000000111  0.06142
  0.80300000000000004707   0.20200000000000001288   1                        0.2000000000000000111  0.059987
  0.81399999999999994582   0.20699999999999998956   1                        0.10000000000000000555 0.06115
  0.79700000000000004174   0.19800000000000000933   0.9000000000000000222    0.2000000000000000111  0.057522
  0.8499999999999999778    0.15900000000000000244   1                        0.2000000000000000111  0.060728
  0.79000000000036996184   0.16299999999990000266   0.89999999999990998312   0.29599999999999998535 0.145178
  0.81900000000000006128   0.19500000000000000666   1                        0.15600000000000002753 0.139355
  1                        0                        0.9000000000000000222    0.25600000000000000533 0.060281
  1                        0                        0.5999999999999999778    0.55600000000000004974 0.150154
  0.69999999999982998045   0.4000000000000000222    0.5                      0                      0.063294
  0.80000000000000004441   0.5                      1                        0.15599999999999999978 0.055496
  0.9000000000000000222    0.80000000000000004441   0.5                      0.75600000000000000533 0.057501
  0.2000000000000000111    1                        1                        0                      0.05712
  0.80000000000000004441   0.4000000000000000222    1                        0.65600000000000002753 0.067241
  0.2999999999999999889    0.69999999999999995559   1                        0.15599999999999999978 0.098284
  0.80000000000000004441   0.5999999999999999778    1                        0                      0.051949
  0.80000000000000004441   0.9000000000000000222    1                        0                      0.074157
  0.69999999999999995559   0.2999999999999999889    1                        0                      0.061488
  0.9000000000000000222    0.80000000000000004441   0.5                      0.69999999999999995559 0.067901
  0.2999999999999999889    0.5                      1                        0.10000000000000000555 0.063471
  0.69999999999999995559   0.5999999999999999778    0.9000000000000000222    0                      0.056053
  1                        0.69999999999999995559   1                        0                      0.060619
  0.9000000000000000222    0.5999999999999999778    1                        1                      0.05317
  0.80000000000000004441   0.2999999999999999889    1                        0                      0.163853
  0.5999999999999999778    0.5                      1                        0                      0.077617
  0.80000000000000004441   0.10000000000000000555   1                        0                      0.05971
  0.80000000000000004441   0.5999999999999999778    1                        0.5                    0.062008
  0.80000000000000004441   0.5999999999999999778    0.80000000000000004441   0                      0.057481
  0.99999999999999000799   0.69999999999999995559   1                        0                      0.060619
  0.80000000000000004441   0.4000000000000000222    1                        0.2000000000000000111  0.060519
  0.9000000000000000222    0.69999999999999995559   0.80000000000000004441   0.5999999999999999778  0.054291
  0.9000000000000000222    0.5                      1                        0.4000000000000000222  0.056647
  0.9000000000000000222    0.69999999999999995559   0.9000000000000000222    0.5                    0.054557
  0.9000000000000000222    0.69999999999999995559   0.9000000000000000222    0                      0.05504
  0.80000000000000004441   0.5                      0.9000000000000000222    0                      0.064589
  0.9000000000000000222    0.4000000000000000222    1                        0.2000000000000000111  0.059489
  0.69999999999999995559   0.5                      1                        0.10000000000000000555 0.057366
  0.69999999999994999555   0.80000000000000004441   1                        0                      0.158496
  0.69999999999990003552   0.70000000000009998669   0.9000000000000000222    0.20000000000001999512 0.054708
  0.75                     0.5                      1                        0.10000000000000000555 0.055002
  0.86299999999999998934   0.69999999999999995559   0.9000000000000000222    0.5                    0.052653
  1                        0.69999999999999995559   0.94999999999999995559   0.2999999999999999889  0.06234
  0.78300000000000002931   0.5999999999999999778    0.98799999999999998934   0.4000000000000000222  0.167207
  0.8499999999999999778    0.5999999999999999778    1                        0                      0.132599
  0.80300000000000004707   0.5                      0.99499999999999999556   0                      0.055231
  0.78200000000000002842   0.5                      1                        0                      0.061529
  0.81799999999999994937   0.69999999999999995559   0.97399999999999997691   0.10000000000000000555 0.058663
  0.81699999999999994849   0.7000000000000099476    1                        0                      0.061605
  0.85099999999999997868   0.12499999999989999666   1                        0.19900000000000001021 0.069567
  0.73799999999999998934   0.55600000000000004974   0.94999999999999995559   0.2000000000000000111  0.053623
  0.71799999999999997158   0.72799999999999998046   0.9749999999999999778    0.20300000000000001377 0.165209
  0.78000000000000002665   0.36999999999999999556   0.99399999999999999467   0.19900000000000001021 0.057764
  0.79900000000000004352   0.59299999999999997158   0.97999999999999998224   0                      0.058064
  0.8010000000000000453    0.60699999999999998401   1                        0.00600000000000000012 0.153336
  0.8010000000000000453    0.6079999999999999849    1                        0                      0.056872
  0.80000000000000004441   0.55000000000000004441   1                        0                      0.056236
  0.80000000000000004441   0.6500000000000000222    1                        0                      0.05996
  0.79899999999990001243   0.59299999999996999556   0.97999999999999998224   0.00300000000000000006 0.060339
  0.77700000000000002398   0.5                      0.99799999999999999822   0.12800000000000000266 0.060577
  0.79400000000000003908   0.53800000000000003375   0.99899999999999999911   0.03200000000000000067 0.058145
  0.80000000000000004441   0.59599999999999997424   0.99599999999999999645   0                      0.145687
  0.8010000000000000453    0.58399999999999996358   1                        0                      0.057317
  0.80200000000000004619   0.61999999999999999556   1                        0                      0.056714
  0.79900000000000004352   0.61599999999999999201   0.98999999999999999112   0.0050000000000000001  0.054451
  0.80000000000000004441   0.60399999999999998135   1                        0                      0.165985
  0.77700000000000002398   0.7000000000000099476    0.89999999999989999111   0.20000000000002998712 0.058281
  0.90100000000000002309   0.42799999999999999156   0.92500000000000004441   0.10000000000000000555 0.161832
  0.75                     0.55700000000000005063   0.98099999999999998312   0.2999999999999999889  0.05632
  0.80500000000000004885   0.61499999999999999112   0.94999999999999995559   0                      0.055098
  0.81499999999999994671   0.55000000000000004441   0.98199999999999998401   0.10000000000000000555 0.056483
  0.81799999999999994937   0.58199999999999996181   1                        0                      0.054913
  0.78500000000000003109   0.6500000000000000222    1                        0                      0.059946
  0.79700000000000004174   0.56799999999999994937   1                        0                      0.057579
  0.79000000000000003553   0.5909999999999999698    1                        0                      0.06094
  0.58999999999999996891   0.6909999999999999476    0.79999999999996995736  -0                      0.059231
  0                        0.99099999999999999201   0.19999999999987999599   0                      0.099769
  0.58999999999999996891   0                        0.9000000000000000222    0                      0.108526
  0.89000000000000001332   0.79100000000000003642   1                        0.5                    0.118742
  0.58999999999999996891   0.89100000000000001421   0.69999999999996997957   0                      0.05871
  0.58999999999999996891   1                        0.39999999999996999067   0                      0.058026
  0.58999999999999996891   1                        0                        0                      0.096591
  0.19000000000000000222  -0                        0.4000000000000000222    0.20000000000012999046 0.061857
  0.89000000000000001332   0.80000000000000004441   1                        0.5                    0.060424
  0.58999999999999996891   1                        0.39999999999996999067   0.10000000000000000555 0.119511
  0.79000000000000003553   1                        0.89999999999997004618   0                      0.059548
  0.48999999999999999112   1                        1                        0                      0.056012
  0.19000000000000000222   1                        1                        0                      0.111242
  0                        0.2999999999999999889    0.80000000000000004441   0.2000000000000599909  0.063654
  0                        0.5999999999999999778    1                        0                      0.120577
  0.98999999999999999112   1                        0                        0                      0.059422
  0.98999999999999999112   0.10000000000000000555   1                        0                      0.057625
  0.48999999999999999112   1                        0.9000000000000000222    0.10000000000000000555 0.132168
  0.08999999999999999667   0.00000000000001         0.2999999999999999889    0.10000000000009000301 0.067438
  0.68999999999999994671   0.69999999999999995559   1                        0.20300000000000001377 0.063803
  0.79000000000000003553   0.4000000000000000222    1                        0.19900000000000001021 0.064223
  0.28999999999999998002   0.69999999999999995559   1                        0.03099999999999999978 0.124703
  0.58999999999999996891   1                        1                        0.05000000000000000278 0.056291
  0.39000000000000001332   1                        1                        0.00899999999999999932 0.067387
  0.48999999999999999112   1                        0                        0                      0.061969
  0.68999999999999994671   1                        1                        0                      0.058023
  0.48999999999999999112   1                        1                        0.03100000000009999965 0.057881
  0.98999999999999999112   0.9000000000000000222    1                        0                      0.054771
  1                        0.5999999999999999778    0.5                      0.02500000000000000139 0.057553
  0.89000000000000001332   0.9000000000000000222    1                        0.05000000000000000278 0.055149
  1                        1                        0.9000000000000000222    0.00400000000000000008 0.057854
  1                        0.80000000000000004441   1                        0.00899999999999999932 0.056298
  1                        0.9000000000000000222    1                        0                      0.057517
  0.98999999999999999112   0.50000000000002997602   0.80000000000000004441   0.03200000000008999812 0.056807
  0.79000000000000003553   0.5999999999999999778    1                        0.05099999999999999672 0.053997
  0.68999999999999994671   0.5                      1                        0.02800000000000000058 0.056266
  0.89000000000000001332   0.80000000000000004441   1                        0.00700000000000000015 0.102522
  0.19000000000000000222   0                        1                        0.2039999999999999869  0.063828
  0.98999999999999999112   0.5999999999999999778    1                        0.05700000000000000205 0.060369
  0.79000000000000003553   0.5999999999999999778    1                        0.076999999999999999   0.059485
  0.79000000000000003553   0.10000000000000000555   1                        0.06900000000000000577 0.061041
  0.79000000000000003553   0.5999999999999999778    0.80000000000000004441   0.02500000000000000139 0.125643
  0.58999999999999996891   0.5999999999999999778    1                        0.07099999999999999367 0.05555
  0.99000000000010002221   0.69999999999999995559   0.80000000000000004441   0.07700000000008999645 0.112027
  0.79000000000000003553   0.2000000000000000111    1                        0.24799999999999999822 0.140815
  0.79000000000000003553   0.5                      1                        0.10000000000000000555 0.061865
  0.89000000000000001332   0.4000000000000000222    1                        0.03099999999999999978 0.054515
  0.89000000000000001332   0.80000000000000004441   1                        0.04599999999999999922 0.054212
  0.68999999999999994671   0.69999999999999995559   1                        0.03099999999999999978 0.137259
  0.79000000000000003553   0.5999999999999999778    0.9000000000000000222    0.05199999999999999761 0.055626
  0.68999999999999994671   0.5                      1                        0.09500000000000000111 0.140053
  0.64000000000000001332   0.2999999999999999889    0.99499999999999999556   0.05099999999999999672 0.129589
  0.91000000000000003109   0.80000000000000004441   0.99899999999999999911   0.0129999999999999994  0.121327
  0.83599999999999996536   0.5999999999999999778    0.94999999999999995559   0.04700000000000000011 0.114432
  0.76200000000000001066   0.5999999999999999778    0.95199999999999995737   0.06099999999999999867 0.057458
  0.73999999999999999112   0.5999999999999999778    0.97699999999999997957   0.04100000000000000172 0.068645
  0.78600000000000003197   0.69999999999999995559   0.99799999999999999822   0.05099999999999999672 0.093
  0.82599999999999995648   0.49999999999999000799   1                        0.05500000000000000028 0.060855
  0.72699999999995001954   0.57599999999999995648   0.94999999999999995559   0.06100000000010000201 0.055618
  1                        0.77400000000000002132   1                        0.02799999999990000071 0.056355
  0.79599999999997994582   0.62600000000000000089   0.9749999999999999778    0.05275000000004999995 0.055083
  0.79299999999999004618   0.31300000000000000044   0.98799999999999998934   0.04037999999999999923 0.063497
  0.86599999999999999201   0.75300000000000000266   0.99699999999999999734   0.04759000000000000036 0.053267
  0.92200000000002002576   0.65100000000000002309   1                        0.0350400000000000017  0.113227
  0.82799999999999995826   0.63200000000000000622   0.98699999999999998845   0.04832000000000000184 0.129791
  1                        1                        0.98799999999999998934   0.03758999999999999841 0.125576
  0.92200000000004000977   0.85299999999999998046   0.89999999999990998312   0.03459000000000000269 0.053756
  0.79900000000002002754   0.65300000000000002487   0.9489999999999999547    0.02059000000000000066 0.055988
  0.86699999999999999289   0.75300000000000000266   0.98699999999999998845   0.03959000000000000019 0.054146
  0.82200000000002004796   0.65300000000000002487   0.96199999999999996625   0.02658999999999999905 0.054999
  0.85599999999999998312   0.75300000000000000266   0.98099999999999998312   0.03658999999999999753 0.091271
  0.85999999999999998668   0.75300000000000000266   0.94699999999999995293   0.04658999999999999947 0.096208
  0.90800000000000002931   0.85299999999999998046   0.99299999999999999378   0.03758999999999999841 0.130015
  0.8239999999999999547    0.65300000000000002487   1                        0.0575900000000000023  0.130194
  0.88000000000000000444   0.85299999999999998046   0.98899999999999999023   0.05559000000000000052 0.061695
  0.83799999999999996714   0.65300000000000002487   1                        0.05659000000000000141 0.156207
  1                        1                        0.98799999999999998934   0.03735999999999999738 0.125382
  0.8329999999999999627    0.68000000000000004885   0.94199999999995998046   0.04039000000000000229 0.129641
  0.87600000000000000089   0.77000000000000001776   0.98599999999999998757   0.04460000000000000075 0.068613
  0.88400000000000000799   0.79000000000000003553   1                        0.04259000000000000286 0.054012
  0.86299999999999998934   0.80300000000000004707   1                        0.05134999999999999981 0.055253
  0.8579999999999999849    0.73699999999999998845   1                        0.0463999999999999968  0.091054
  0.88600000000000000977   0.72799999999999998046   1                        0.05075999999999999956 0.054745
  0.85899999999999998579   0.68200000000000005063   0.98799999999999998934   0.04997999999999999665 0.055483
  0.85999999999999998668   0.77000000000008994583   0.99799999999999999822   0.05076000000008999702 0.053675
  0.8329999999999999627    0.70399999999999995914   1                        0.05638000000004000228 0.064425
  0.85899999999999998579   0.74099999999999999201   0.99299999999999999378   0.04379000000000000253 0.05572
  0.86899999999999999467   0.77300000000000002043   0.99599999999999999645   0.04698000000000000093 0.054143
  0.87600000000000000089   0.74799999999999999822   0.99399999999999999467   0.04773999999999999772 0.054857
  0.86699999999999999289   0.75900000000000000799   1                        0.04959000000000000213 0.051411
  0.86999999999999999556   0.77700000000000002398   1                        0.05559000000000000052 0.053932
  0.85799999999993004085   0.85300000000010001155   0.98599999999990994848   0.05430000000000000104 0.118418
  0.88800000000000001155   0.79100000000000003642   0.94799999999999995381   0.03568000000000000338 0.052845
  0.81899999999999995026   0.6840000000000000524    1                        0.05722000000004000275 0.057952
  0.89600000000000001865   0.81100000000000005418   0.94299999999999994937   0.04025000000000000105 0.110962
  0.87700000000000000178   0.78300000000000002931   1                        0.04977000000000000174 0.054239
  0.86999999999999999556   0.70899999999999996358   1                        0.04984000000000000236 0.057172
  0.85699999999999998401   0.73499999999999998668   0.99199999999999999289   0.04941000000000000253 0.05458
  0.86699999999999999289   0.76000000000000000888   1                        0.05458999999999999964 0.096254
  0.87700000000000000178   0.78300000000000002931   1                        0.04972000000000000031 0.053993
  0.87285999999999996923   0.77000000000000001776   1                        0.04882000000000000228 0.13156
  0.87050000000000005151   0.76000000000000000888   0.97199999999999997513   0.03622000000003999798 0.055061
  0.87012999999999995904   0.77300000000000002043   0.99299999999999999378   0.05075000000000000344 0.055919
  0.86572000000000004505   0.73899999999999999023   1                        0.0501600000000000032  0.056537
  0.86763999999999996682   0.76900000000000001688   1                        0.05158999999999999697 0.053711
  0.87199999999999999734   0.75                     0.99799999999999999822   0.04984000000000000236 0.055171
  0.86828000000000005176   0.77900000000000002576   0.98999999999999999112   0.04902000000000000107 0.130512
  0.86694000000000004391   0.75900000000000000799   1                        0.04957000000000000295 0.069717
  0.8860000000000399778    0.68199999999990001953   0.9469999999999599849    0.03658999999999999753 0.053741
  0.85099999999999997868   0.68100000000000004974   0.9749999999999999778    0.01558999999999999969 0.060038
  0.8579999999999999849    0.74799999999999999822   0.99199999999999999289   0.04159000000000000197 0.084769
  0.87099999999999999645   0.70899999999999996358   1                        0.04658999999999999947 0.056991
  0.85699999999999998401   0.74699999999999999734   1                        0.05659000000000000141 0.053275
  0.86299999999999998934   0.8090000000000000524    0.98999999999999999112   0.05258999999999999786 0.059294
  0.87399999999999999911   0.78200000000000002842   1                        0.03558999999999999664 0.054572
  0.85599999999999998312   0.78600000000000003197   1                        0.06658999999999999642 0.055708
  0.87700000000010003287   0.73499999999992005062   0.97199999999994002309   0.04458999999999999769 0.056105
  0.87900000000000000355   0.75499999999990996535   0.9749999999999999778    0.0435899999999999968  0.061906
  0.86475000000000001865   0.76600000000000001421   0.99199999999999999289   0.04859000000000000125 0.055851
  0.86731999999999997986   0.77900000000000002576   1                        0.05458999999999999964 0.059926
  0.86951000000000000512   0.75300000000000000266   1                        0.06958999999999999908 0.058185
  0.8670200000000000129    0.75900000000000000799   1                        0.04959000000000000213 0.05481
  0.86697999999999997289   0.75900000000000000799   0.97999999999999998224   0.04959000000000000213 0.091823
  0.8669499999999999984    0.75900000000000000799   1                        0.04959000000000000213 0.052987
  0.87013000000007001411   0.73899999999994003819   0.98699999999999998845   0.05659000000000000141 0.120487
  0.86848000000000002974   0.73899999999990995114   1                        0.05059000000000000302 0.053704
  0.86211999999999999744   0.76200000000000001066   0.99899999999999999911   0.05059000000000000302 0.054873
  0.86899999999999999467   0.75100000000000000089   1                        0.04959000000000000213 0.052879
  0.86763000000000001233   0.75600000000000000533   0.98999999999999999112   0.04458999999999999769 0.053583
  0.86845000000000005524   0.76500000000000001332   0.99599999999999999645   0.05958999999999999714 0.053898
  0.86499999999999999112   0.7670000000000000151    0.99399999999999999467   0.04959000000000000213 0.056682
  0.86660999999999999144   0.76100000000000000977   1                        0.05258999999999999786 0.05599
  0.86499999999999999112   0.76214999999999999414   0.98999999999999999112   0.05677000000000000102 0.056845
  0.86685000000000000941   0.75500000000000000444   1                        0.05358999999999999875 0.053276
  0.8670400000000000329    0.75524999999999997691   1                        0.05133999999999999675 0.053547
  0.86702999999999996739   0.76043000000000005034   0.99499999999999999556   0.04635000000000000231 0.058908
  0.86799999999999999378   0.758859999999999979     0.9998899999999999455    0.04989999999999999991 0.054139
  0.8669099999999999584    0.75400000000000000355   0.99605999999999994543   0.05344000000000000139 0.052842
  0.8669700000000000184    0.75756999999999996565   1                        0.05283000000000000196 0.0548
  0.86597000000000001751   0.75777000000000005464   1                        0.05244999999999999662 0.095379
  0.86744643483187000577   0.76100000000000000977   0.99988999999990002543   0.04970999999999999724 0.096167
  0.86689199999999999591   0.75863999999999998103   1                        0.04759000000000000036 0.054606
  0.9668919999999999737    0.85863999999999995882   1                        0.24759000000000000452 0.109378
  0.76689200000000001811   0.65864000000000000323   1                        0.24759000000000000452 0.055395
  0.9668919999999999737    0.75863999999999998103   1                        0.14758999999999999897 0.055877
  0.86689199999999999591   0.75863999999999998103   0.9000000000000000222    0.14758999999999999897 0.05503
  0.9668919999999999737    0.75863999999999998103   0.9000000000000000222    0                      0.058107
  0.86689199999999999591   0.65864000000000000323   1                        0.04759000000000000036 0.054672
  0.8418919999999999737    0.70064000000000004054   0.97199999999999997513   0.01958999999999999977 0.053692
  0.86189199999999999147   0.73863999999999996326   0.99299999999999999378   0.04259000000000000286 0.096181
  0.74189199999999999591   0.50063999999999997392   0.87199999999999999734   0                      0.056288
  1                        0.90063999999999999613   0.97199999999999997513   0.21959000000000000741 0.053991
  0.8418919999999999737    0.60063999999999995172   0.97199999999999997513   0.21959000000000000741 0.054587
  0.8418919999999999737    0.70064000000000004054   0.97199999999999997513   0.11959000000000000186 0.056875
  0.8418919999999999737    0.70064000000000004054   1                        0.11959000000000000186 0.116806
  0.8418919999999999737    0.70064000000000004054   0.87199999999999999734   0                      0.142563
  0.9418919999999999515    0.70064000000000004054   0.97199999999999997513   0.01958999999999999977 0.066269
  0.8418919999999999737    0.60063999999999995172   0.97199999999999997513   0.01958999999999999977 0.073141
  0.76689200000000001811   0.52663999999999999702   0.88800000000000001155   0                      0.056265
  0.9418919999999999515    0.6526399999999999979    0.88400000000000000799   0.11959000000000000186 0.055239
  0.79189200000000004032   0.7036400000000000432    0.98199999999999998401   0                      0.122059
  0.86689199999999999591   0.6956400000000000361    0.95499999999999996003   0                      0.054781
  0.89189200000000001811   0.69764000000000003787   0.96199999999999996625   0.04859000000000000125 0.057073
  0.84589199999999997726   0.75063999999999997392   0.97099999999999997424   0.01759000000000000147 0.058878
  0.8168919999999999515    0.73863999999999996326   1                        0.04259000000000000286 0.058379
  0.8588919999999999888    0.70064000000000004054   0.95199999999999995737   0.03159000000000000002 0.058629
  0.83889199999999997104   0.70064000000000004054   0.95699999999999996181   0                      0.055318
  0.8418919999999999737    0.68064000000000002277   0.97199999999999997513   0.01958999999999999977 0.129895
  0.84489199999999997637   0.70064000000000004054   0.98699999999999998845   0.03959000000000000019 0.056762
  0.8418919999999999737    0.70064000000000004054   0.97199999999999997513   0.01858999999999999889 0.16365
  0.83889199999999997104   0.70064000000000004054   0.95199999999999995737   0.03959000000000000019 0.056309
  0.86889199999999999768   0.75863999999999998103   1                        0.05358999999999999875 0.053466
  0.86689199999999999591   0.75463999999999997748   0.99799999999999999822   0.04859000000000000125 0.053003
  0.86089199999999999058   0.74263999999999996682   0.99199999999999999289   0.0335900000000000018  0.086875
  0.88589200000000001278   0.73363999999999995882   0.97099999999999997424   0.01758999999991000054 0.054059
  0.88689200000000001367   0.74563999999999996948   1                        0.05859000000000000319 0.054025
  0.85789199999999998791   0.75963999999999998192   1                        0.06858999999999999819 0.11979
  0.86889199999999999768   0.75863999999999998103   1                        0.04458999999999999769 0.053455
  0.87689200000000000479   0.77463999999999999524   0.99299999999999999378   0.04859000000000000125 0.059334
  0.85389199999999998436   0.75463999999999997748   0.99199999999999999289   0.02258999999999999897 0.063774
  0.85589199999999998614   0.77463999999999999524   0.98499999999999998668   0.04558999999999999858 0.054968
  0.87889200000000000657   0.76863999999999998991   0.97199999999999997513   0.04458999999999999769 0.05863
  0.86989199999999999857   0.76163999999999998369   0.99299999999999999378   0.04859000000000000125 0.090882
  0.85689199999999998703   0.75463999999999997748   0.99399999999999999467   0.05258999999999999786 0.095666
  0.86689199999999999591   0.74463999999999996859   0.99799999999999999822   0.04859000000000000125 0.057855
  0.86289199999999999235   0.75463999999999997748   1                        0.04759000000000000036 0.125716
  0.86989199999999999857   0.75463999999999997748   1                        0.05859000000000000319 0.128053
  0.87289200000000000124   0.75463999999999997748   0.99699999999999999734   0.04658999999999999947 0.062281
  0.856891999999970011     0.74463999999999996859   0.98999999999990995203   0.05859000000005999687 0.054591
  0.86804199999999998028   0.75685999999999997723   1                        0.05251999999999999724 0.100917
  0.86718200000000000838   0.75519999999999998241   0.99851000000000000867   0.04957000000000000295 0.053401
  0.86575199999999996603   0.75458999999999998298   0.99299999999999999378   0.04877000000000000085 0.054196
  0.86727200000000004287   0.74963999999999997303   0.99795999999999995822   0.04852999999999999675 0.053546
  0.87189200000000000035   0.75504999999999999893   0.99680000000000001936   0.04692000000000000337 0.106637
  0.86803200000000002579   0.75468999999999997197   1                        0.04841000000000000164 0.095205
  0.86759200000000002984   0.75968999999999997641   1                        0.04848999999999999838 0.054923
  0.86625200000000002198   0.75099999999994004884   0.99699999999997002131   0.05252000000002000207 0.055302
  0.86489199999999999413   0.754530000000000034     0.99717000000000000082   0.04737000000000000238 0.094785
  0.86684200000000000141   0.75663999999999997925   0.99790999999999996373   0.048559999999999999   0.054
  0.86561200000000004806   0.75470999999999999197   1                        0.04932000000000000273 0.094226
  0.866172000000000053     0.75460000000000004849   0.99680999999999997385   0.05059000000000000302 0.052829
  0.86401200000000000223   0.75448000000000003951   0.99324000000000001176   0.05659000000000000141 0.052367
  0.8580119999999999969    0.75412000000000001254   0.98224000000000000199   0.07459000000000000352 0.05578
  0.85601199999999999513   0.75777000000006000668   0.97523999999999999577   0.03658999999999999753 0.056639
  0.86301200000000000134   0.76004000000000004889   0.99324000000000001176   0.05559000000000000052 0.055223
  0.8670120000000000049    0.75326000000000004064   0.9982400000000000162    0.05059000000000000302 0.053784
  0.86401200000000000223   0.75248000000000003773   0.99324000000000001176   0.05659000000000000141 0.095706
  0.86401200000000000223   0.75448000000000003951   0.98324000000000000288   0.05659000000000000141 0.052347
  0.86401200000000000223   0.75448000000000003951   0.95323999999999997623   0.05659000000000000141 0.054713
  0.87901200000000001555   0.74463999999992003254   0.9472399999999999709    0.07459000000000000352 0.054001
  0.86401200000000000223   0.75727999999999995318   0.99024000000000000909   0.05358999999999999875 0.13005
  0.86601200000000000401   0.75482000000000004647   0.99424000000000001265   0.05358999999999999875 0.053928
  0.86301200000000000134   0.74948000000000003507   0.98824000000000000732   0.06158999999999999891 0.09581
  0.86301200000000000134   0.75597000000000003084   0.96323999999999998511   0.06658999999999999642 0.055235
  0.86501200000000000312   0.75299000000000004817   1                        0.04658999999999999947 0.054295
  0.86601200000000000401   0.75111000000000005539   0.96323999999999998511   0.04859000000000000125 0.051128
  0.87201200000000000934   0.74111000000000004651   0.90324000000000004285   0.02459000000000000075 0.104565
  0.85201199999999999157   0.77010999999999996124   0.90323999999993997978   0.07459000000005000519 0.053752
  0.86401200000000000223   0.75510999999999994792   0.973239999999999994     0.05559000000000000052 0.055021
  0.86601200000000000401   0.75510999999999994792   0.99124000000000000998   0.05158999999999999697 0.052803
  0.88501200000000002088   0.7501100000000000545    0.93323999999999995847   0.02859000000000000083 0.057744
  0.87701200000000001378   0.75210999999999994525   0.92323999999999994959   0.06858999999999999819 0.094334
  0.86401200000000000223   0.76110999999999995325   0.95823999999999998067   0.04558999999999999858 0.055348
  0.85501199999999999424   0.7501100000000000545    1                        0.02859000000000000083 0.054626
  0.86801200000000000578   0.74111000000000004651   0.97223999999999999311   0.05158999999999999697 0.061631
  0.87201200000000000934   0.74099999999999999201   0.90324000000000004285   0.02459000000000000075 0.100579
  0.88201200000000001822   0.76111000000007000832   1                        0.02858999999991999885 0.098606
  0.86401200000000000223   0.75443000000000004501   0.97823999999999999844   0.05458999999999999964 0.056309
  0.86601200000000000401   0.75494000000000005546   0.98824000000000000732   0.05258999999999999786 0.053513
  0.87601200000000001289   0.7481299999999999617    0.96223999999999998423   0.04059000000000000108 0.055227
  0.86801200000000000578   0.74611000000000005095   0.964239999999999986     0.05859000000000000319 0.124809
  0.86601200000000000401   0.75124000000000001886   0.98324000000000000288   0.04859000000000000125 0.095342
  0.87601200000000001289   0.75529000000000001691   0.96223999999999998423   0.05458999999999999964 0.056109
  0.85401199999999999335   0.75892000000000003901   0.94323999999999996735   0.04658999999999999947 0.057691
  0.87601199999991996581   0.7483300000000000507    0.9472399999999999709    0.04058999999989999774 0.120901
  0.86450199999999999267   0.75443000000000004501   0.97823999999999999844   0.05408999999999999919 0.053238
  0.86563199999999995704   0.75494000000000005546   0.98824000000000000732   0.05222000000000000253 0.055412
  0.86641199999999995995   0.75097999999999998089   0.95923999999999998156   0.05358999999999999875 0.057402
  0.87101200000000000845   0.75124000000000001886   0.96723999999999998867   0.04895999999999999658 0.067383
  0.86571200000000003705   0.75310999999999994614   0.96323999999999998511   0.0488900000000000029  0.056101
  0.86810200000000004028   0.75116000000000004988   0.95323999999999997623   0.04649999999999999967 0.114103
  0.85852200000000000735   0.75104000000000004089   0.973239999999999994     0.04531000000000000305 0.095211
  0.87101200000010003954   0.75461999999999995747   0.98323999999970002062   0.05659000000007000097 0.060068
  0.86450199999999999267   0.75443000000000004501   0.9786200000000000454    0.05408999999999999919 0.054807
  0.86563199999999995704   0.75494000000000005546   0.98809000000000002384   0.05222000000000000253 0.054398
  0.86497199999999996312   0.75122999999999995335   0.96360999999999996657   0.05059000000000000302 0.053041
  0.86401200000000000223   0.75117999999999995886   0.96345999999999998309   0.0475300000000000028  0.095387
  0.86621199999999998198   0.75210999999999994525   0.96321999999999996511   0.0484699999999999992  0.053155
