0.000000 0.000000 0.000000 0.000000
0.000000 0.000000 0.000000 0.005263
0.000000 0.000000 0.000000 0.010526
0.000000 0.000000 0.000000 0.015789
0.000000 0.000000 0.000000 0.021053
0.000000 0.000000 0.000000 0.026316
0.000000 0.000000 0.000000 0.031579
0.000000 0.000000 0.000000 0.036842
0.000000 0.000000 0.000000 0.042105
0.000000 0.000000 0.000000 0.047368
0.000000 0.000000 0.000000 0.052632
0.000000 0.000000 0.000000 0.057895
0.000000 0.000000 0.000000 0.063158
0.000000 0.000000 0.000000 0.068421
0.000000 0.000000 0.000000 0.073684
0.000000 0.000000 0.000000 0.078947
0.000000 0.000000 0.000000 0.084211
0.000000 0.000000 0.000000 0.089474
0.000000 0.000000 0.000000 0.094737
0.000000 0.000000 0.000000 0.100000
0.005263 0.000000 0.000000 0.000000
0.005263 0.000000 0.000000 0.005263
0.005263 0.000000 0.000000 0.010526
0.005263 0.000000 0.000000 0.015789
0.005263 0.000000 0.000000 0.021053
0.005263 0.000000 0.000000 0.026316
0.005263 0.000000 0.000000 0.031579
0.005263 0.000000 0.000000 0.036842
0.005263 0.000000 0.000000 0.042105
0.005263 0.000000 0.000000 0.047368
0.005263 0.000000 0.000000 0.052632
0.005263 0.000000 0.000000 0.057895
0.005263 0.000000 0.000000 0.063158
0.005263 0.000000 0.000000 0.068421
0.005263 0.000000 0.000000 0.073684
0.005263 0.000000 0.000000 0.078947
0.005263 0.000000 0.000000 0.084211
0.005263 0.000000 0.000000 0.089474
0.005263 0.000000 0.000000 0.094737
0.005263 0.000000 0.000000 0.100000
0.010526 0.000000 0.000000 0.000000
0.010526 0.000000 0.000000 0.005263
0.010526 0.000000 0.000000 0.010526
0.010526 0.000000 0.000000 0.015789
0.010526 0.000000 0.000000 0.021053
0.010526 0.000000 0.000000 0.026316
0.010526 0.000000 0.000000 0.031579
0.010526 0.000000 0.000000 0.036842
0.010526 0.000000 0.000000 0.042105
0.010526 0.000000 0.000000 0.047368
0.010526 0.000000 0.000000 0.052632
0.010526 0.000000 0.000000 0.057895
0.010526 0.000000 0.000000 0.063158
0.010526 0.000000 0.000000 0.068421
0.010526 0.000000 0.000000 0.073684
0.010526 0.000000 0.000000 0.078947
0.010526 0.000000 0.000000 0.084211
0.010526 0.000000 0.000000 0.089474
0.010526 0.000000 0.000000 0.094737
0.010526 0.000000 0.000000 0.100000
0.015789 0.000000 0.000000 0.000000
0.015789 0.000000 0.000000 0.005263
0.015789 0.000000 0.000000 0.010526
0.015789 0.000000 0.000000 0.015789
0.015789 0.000000 0.000000 0.021053
0.015789 0.000000 0.000000 0.026316
0.015789 0.000000 0.000000 0.031579
0.015789 0.000000 0.000000 0.036842
0.015789 0.000000 0.000000 0.042105
0.015789 0.000000 0.000000 0.047368
0.015789 0.000000 0.000000 0.052632
0.015789 0.000000 0.000000 0.057895
0.015789 0.000000 0.000000 0.063158
0.015789 0.000000 0.000000 0.068421
0.015789 0.000000 0.000000 0.073684
0.015789 0.000000 0.000000 0.078947
0.015789 0.000000 0.000000 0.084211
0.015789 0.000000 0.000000 0.089474
0.015789 0.000000 0.000000 0.094737
0.015789 0.000000 0.000000 0.100000
0.021053 0.000000 0.000000 0.000000
0.021053 0.000000 0.000000 0.005263
0.021053 0.000000 0.000000 0.010526
0.021053 0.000000 0.000000 0.015789
0.021053 0.000000 0.000000 0.021053
0.021053 0.000000 0.000000 0.026316
0.021053 0.000000 0.000000 0.031579
0.021053 0.000000 0.000000 0.036842
0.021053 0.000000 0.000000 0.042105
0.021053 0.000000 0.000000 0.047368
0.021053 0.000000 0.000000 0.052632
0.021053 0.000000 0.000000 0.057895
0.021053 0.000000 0.000000 0.063158
0.021053 0.000000 0.000000 0.068421
0.021053 0.000000 0.000000 0.073684
0.021053 0.000000 0.000000 0.078947
0.021053 0.000000 0.000000 0.084211
0.021053 0.000000 0.000000 0.089474
0.021053 0.000000 0.000000 0.094737
0.021053 0.000000 0.000000 0.100000
0.026316 0.000000 0.000000 0.000000
0.026316 0.000000 0.000000 0.005263
0.026316 0.000000 0.000000 0.010526
0.026316 0.000000 0.000000 0.015789
0.026316 0.000000 0.000000 0.021053
0.026316 0.000000 0.000000 0.026316
0.026316 0.000000 0.000000 0.031579
0.026316 0.000000 0.000000 0.036842
0.026316 0.000000 0.000000 0.042105
0.026316 0.000000 0.000000 0.047368
0.026316 0.000000 0.000000 0.052632
0.026316 0.000000 0.000000 0.057895
0.026316 0.000000 0.000000 0.063158
0.026316 0.000000 0.000000 0.068421
0.026316 0.000000 0.000000 0.073684
0.026316 0.000000 0.000000 0.078947
0.026316 0.000000 0.000000 0.084211
0.026316 0.000000 0.000000 0.089474
0.026316 0.000000 0.000000 0.094737
0.026316 0.000000 0.000000 0.100000
0.031579 0.000000 0.000000 0.000000
0.031579 0.000000 0.000000 0.005263
0.031579 0.000000 0.000000 0.010526
0.031579 0.000000 0.000000 0.015789
0.031579 0.000000 0.000000 0.021053
0.031579 0.000000 0.000000 0.026316
0.031579 0.000000 0.000000 0.031579
0.031579 0.000000 0.000000 0.036842
0.031579 0.000000 0.000000 0.042105
0.031579 0.000000 0.000000 0.047368
0.031579 0.000000 0.000000 0.052632
0.031579 0.000000 0.000000 0.057895
0.031579 0.000000 0.000000 0.063158
0.031579 0.000000 0.000000 0.068421
0.031579 0.000000 0.000000 0.073684
0.031579 0.000000 0.000000 0.078947
0.031579 0.000000 0.000000 0.084211
0.031579 0.000000 0.000000 0.089474
0.031579 0.000000 0.000000 0.094737
0.031579 0.000000 0.000000 0.100000
0.036842 0.000000 0.000000 0.000000
0.036842 0.000000 0.000000 0.005263
0.036842 0.000000 0.000000 0.010526
0.036842 0.000000 0.000000 0.015789
0.036842 0.000000 0.000000 0.021053
0.036842 0.000000 0.000000 0.026316
0.036842 0.000000 0.000000 0.031579
0.036842 0.000000 0.000000 0.036842
0.036842 0.000000 0.000000 0.042105
0.036842 0.000000 0.000000 0.047368
0.036842 0.000000 0.000000 0.052632
0.036842 0.000000 0.000000 0.057895
0.036842 0.000000 0.000000 0.063158
0.036842 0.000000 0.000000 0.068421
0.036842 0.000000 0.000000 0.073684
0.036842 0.000000 0.000000 0.078947
0.036842 0.000000 0.000000 0.084211
0.036842 0.000000 0.000000 0.089474
0.036842 0.000000 0.000000 0.094737
0.036842 0.000000 0.000000 0.100000
0.042105 0.000000 0.000000 0.000000
0.042105 0.000000 0.000000 0.005263
0.042105 0.000000 0.000000 0.010526
0.042105 0.000000 0.000000 0.015789
0.042105 0.000000 0.000000 0.021053
0.042105 0.000000 0.000000 0.026316
0.042105 0.000000 0.000000 0.031579
0.042105 0.000000 0.000000 0.036842
0.042105 0.000000 0.000000 0.042105
0.042105 0.000000 0.000000 0.047368
0.042105 0.000000 0.000000 0.052632
0.042105 0.000000 0.000000 0.057895
0.042105 0.000000 0.000000 0.063158
0.042105 0.000000 0.000000 0.068421
0.042105 0.000000 0.000000 0.073684
0.042105 0.000000 0.000000 0.078947
0.042105 0.000000 0.000000 0.084211
0.042105 0.000000 0.000000 0.089474
0.042105 0.000000 0.000000 0.094737
0.042105 0.000000 0.000000 0.100000
0.047368 0.000000 0.000000 0.000000
0.047368 0.000000 0.000000 0.005263
0.047368 0.000000 0.000000 0.010526
0.047368 0.000000 0.000000 0.015789
0.047368 0.000000 0.000000 0.021053
0.047368 0.000000 0.000000 0.026316
0.047368 0.000000 0.000000 0.031579
0.047368 0.000000 0.000000 0.036842
0.047368 0.000000 0.000000 0.042105
0.047368 0.000000 0.000000 0.047368
0.047368 0.000000 0.000000 0.052632
0.047368 0.000000 0.000000 0.057895
0.047368 0.000000 0.000000 0.063158
0.047368 0.000000 0.000000 0.068421
0.047368 0.000000 0.000000 0.073684
0.047368 0.000000 0.000000 0.078947
0.047368 0.000000 0.000000 0.084211
0.047368 0.000000 0.000000 0.089474
0.047368 0.000000 0.000000 0.094737
0.047368 0.000000 0.000000 0.100000
0.052632 0.000000 0.000000 0.000000
0.052632 0.000000 0.000000 0.005263
0.052632 0.000000 0.000000 0.010526
0.052632 0.000000 0.000000 0.015789
0.052632 0.000000 0.000000 0.021053
0.052632 0.000000 0.000000 0.026316
0.052632 0.000000 0.000000 0.031579
0.052632 0.000000 0.000000 0.036842
0.052632 0.000000 0.000000 0.042105
0.052632 0.000000 0.000000 0.047368
0.052632 0.000000 0.000000 0.052632
0.052632 0.000000 0.000000 0.057895
0.052632 0.000000 0.000000 0.063158
0.052632 0.000000 0.000000 0.068421
0.052632 0.000000 0.000000 0.073684
0.052632 0.000000 0.000000 0.078947
0.052632 0.000000 0.000000 0.084211
0.052632 0.000000 0.000000 0.089474
0.052632 0.000000 0.000000 0.094737
0.052632 0.000000 0.000000 0.100000
0.057895 0.000000 0.000000 0.000000
0.057895 0.000000 0.000000 0.005263
0.057895 0.000000 0.000000 0.010526
0.057895 0.000000 0.000000 0.015789
0.057895 0.000000 0.000000 0.021053
0.057895 0.000000 0.000000 0.026316
0.057895 0.000000 0.000000 0.031579
0.057895 0.000000 0.000000 0.036842
0.057895 0.000000 0.000000 0.042105
0.057895 0.000000 0.000000 0.047368
0.057895 0.000000 0.000000 0.052632
0.057895 0.000000 0.000000 0.057895
0.057895 0.000000 0.000000 0.063158
0.057895 0.000000 0.000000 0.068421
0.057895 0.000000 0.000000 0.073684
0.057895 0.000000 0.000000 0.078947
0.057895 0.000000 0.000000 0.084211
0.057895 0.000000 0.000000 0.089474
0.057895 0.000000 0.000000 0.094737
0.057895 0.000000 0.000000 0.100000
0.063158 0.000000 0.000000 0.000000
0.063158 0.000000 0.000000 0.005263
0.063158 0.000000 0.000000 0.010526
0.063158 0.000000 0.000000 0.015789
0.063158 0.000000 0.000000 0.021053
0.063158 0.000000 0.000000 0.026316
0.063158 0.000000 0.000000 0.031579
0.063158 0.000000 0.000000 0.036842
0.063158 0.000000 0.000000 0.042105
0.063158 0.000000 0.000000 0.047368
0.063158 0.000000 0.000000 0.052632
0.063158 0.000000 0.000000 0.057895
0.063158 0.000000 0.000000 0.063158
0.063158 0.000000 0.000000 0.068421
0.063158 0.000000 0.000000 0.073684
0.063158 0.000000 0.000000 0.078947
0.063158 0.000000 0.000000 0.084211
0.063158 0.000000 0.000000 0.089474
0.063158 0.000000 0.000000 0.094737
0.063158 0.000000 0.000000 0.100000
0.068421 0.000000 0.000000 0.000000
0.068421 0.000000 0.000000 0.005263
0.068421 0.000000 0.000000 0.010526
0.068421 0.000000 0.000000 0.015789
0.068421 0.000000 0.000000 0.021053
0.068421 0.000000 0.000000 0.026316
0.068421 0.000000 0.000000 0.031579
0.068421 0.000000 0.000000 0.036842
0.068421 0.000000 0.000000 0.042105
0.068421 0.000000 0.000000 0.047368
0.068421 0.000000 0.000000 0.052632
0.068421 0.000000 0.000000 0.057895
0.068421 0.000000 0.000000 0.063158
0.068421 0.000000 0.000000 0.068421
0.068421 0.000000 0.000000 0.073684
0.068421 0.000000 0.000000 0.078947
0.068421 0.000000 0.000000 0.084211
0.068421 0.000000 0.000000 0.089474
0.068421 0.000000 0.000000 0.094737
0.068421 0.000000 0.000000 0.100000
0.073684 0.000000 0.000000 0.000000
0.073684 0.000000 0.000000 0.005263
0.073684 0.000000 0.000000 0.010526
0.073684 0.000000 0.000000 0.015789
0.073684 0.000000 0.000000 0.021053
0.073684 0.000000 0.000000 0.026316
0.073684 0.000000 0.000000 0.031579
0.073684 0.000000 0.000000 0.036842
0.073684 0.000000 0.000000 0.042105
0.073684 0.000000 0.000000 0.047368
0.073684 0.000000 0.000000 0.052632
0.073684 0.000000 0.000000 0.057895
0.073684 0.000000 0.000000 0.063158
0.073684 0.000000 0.000000 0.068421
0.073684 0.000000 0.000000 0.073684
0.073684 0.000000 0.000000 0.078947
0.073684 0.000000 0.000000 0.084211
0.073684 0.000000 0.000000 0.089474
0.073684 0.000000 0.000000 0.094737
0.073684 0.000000 0.000000 0.100000
0.078947 0.000000 0.000000 0.000000
0.078947 0.000000 0.000000 0.005263
0.078947 0.000000 0.000000 0.010526
0.078947 0.000000 0.000000 0.015789
0.078947 0.000000 0.000000 0.021053
0.078947 0.000000 0.000000 0.026316
0.078947 0.000000 0.000000 0.031579
0.078947 0.000000 0.000000 0.036842
0.078947 0.000000 0.000000 0.042105
0.078947 0.000000 0.000000 0.047368
0.078947 0.000000 0.000000 0.052632
0.078947 0.000000 0.000000 0.057895
0.078947 0.000000 0.000000 0.063158
0.078947 0.000000 0.000000 0.068421
0.078947 0.000000 0.000000 0.073684
0.078947 0.000000 0.000000 0.078947
0.078947 0.000000 0.000000 0.084211
0.078947 0.000000 0.000000 0.089474
0.078947 0.000000 0.000000 0.094737
0.078947 0.000000 0.000000 0.100000
0.084211 0.000000 0.000000 0.000000
0.084211 0.000000 0.000000 0.005263
0.084211 0.000000 0.000000 0.010526
0.084211 0.000000 0.000000 0.015789
0.084211 0.000000 0.000000 0.021053
0.084211 0.000000 0.000000 0.026316
0.084211 0.000000 0.000000 0.031579
0.084211 0.000000 0.000000 0.036842
0.084211 0.000000 0.000000 0.042105
0.084211 0.000000 0.000000 0.047368
0.084211 0.000000 0.000000 0.052632
0.084211 0.000000 0.000000 0.057895
0.084211 0.000000 0.000000 0.063158
0.084211 0.000000 0.000000 0.068421
0.084211 0.000000 0.000000 0.073684
0.084211 0.000000 0.000000 0.078947
0.084211 0.000000 0.000000 0.084211
0.084211 0.000000 0.000000 0.089474
0.084211 0.000000 0.000000 0.094737
0.084211 0.000000 0.000000 0.100000
0.089474 0.000000 0.000000 0.000000
0.089474 0.000000 0.000000 0.005263
0.089474 0.000000 0.000000 0.010526
0.089474 0.000000 0.000000 0.015789
0.089474 0.000000 0.000000 0.021053
0.089474 0.000000 0.000000 0.026316
0.089474 0.000000 0.000000 0.031579
0.089474 0.000000 0.000000 0.036842
0.089474 0.000000 0.000000 0.042105
0.089474 0.000000 0.000000 0.047368
0.089474 0.000000 0.000000 0.052632
0.089474 0.000000 0.000000 0.057895
0.089474 0.000000 0.000000 0.063158
0.089474 0.000000 0.000000 0.068421
0.089474 0.000000 0.000000 0.073684
0.089474 0.000000 0.000000 0.078947
0.089474 0.000000 0.000000 0.084211
0.089474 0.000000 0.000000 0.089474
0.089474 0.000000 0.000000 0.094737
0.089474 0.000000 0.000000 0.100000
0.094737 0.000000 0.000000 0.000000
0.094737 0.000000 0.000000 0.005263
0.094737 0.000000 0.000000 0.010526
0.094737 0.000000 0.000000 0.015789
0.094737 0.000000 0.000000 0.021053
0.094737 0.000000 0.000000 0.026316
0.094737 0.000000 0.000000 0.031579
0.094737 0.000000 0.000000 0.036842
0.094737 0.000000 0.000000 0.042105
0.094737 0.000000 0.000000 0.047368
0.094737 0.000000 0.000000 0.052632
0.094737 0.000000 0.000000 0.057895
0.094737 0.000000 0.000000 0.063158
0.094737 0.000000 0.000000 0.068421
0.094737 0.000000 0.000000 0.073684
0.094737 0.000000 0.000000 0.078947
0.094737 0.000000 0.000000 0.084211
0.094737 0.000000 0.000000 0.089474
0.094737 0.000000 0.000000 0.094737
0.094737 0.000000 0.000000 0.100000
0.100000 0.000000 0.000000 0.000000
0.100000 0.000000 0.000000 0.005263
0.100000 0.000000 0.000000 0.010526
0.100000 0.000000 0.000000 0.015789
0.100000 0.000000 0.000000 0.021053
0.100000 0.000000 0.000000 0.026316
0.100000 0.000000 0.000000 0.031579
0.100000 0.000000 0.000000 0.036842
0.100000 0.000000 0.000000 0.042105
0.100000 0.000000 0.000000 0.047368
0.100000 0.000000 0.000000 0.052632
0.100000 0.000000 0.000000 0.057895
0.100000 0.000000 0.000000 0.063158
0.100000 0.000000 0.000000 0.068421
0.100000 0.000000 0.000000 0.073684
0.100000 0.000000 0.000000 0.078947
0.100000 0.000000 0.000000 0.084211
0.100000 0.000000 0.000000 0.089474
0.100000 0.000000 0.000000 0.094737
0.100000 0.000000 0.000000 0.100000
